01111
00000
00000
00000
00101
01111
11110
11001
10111
01110
11001
10111
01110
11101
10011
01110
11001
10111
01110
11001
00111
11100
11011
00111
11100
10011
01110
11001
00111
11100
10011
01110
10001
01110
11001
00111
11100
10011
01100
10011
01110
10001
01110
11001
00110
11001
00111
11000
00111
11000
00111
11000
00111
11000
00111
11000
00111
11000
00111
11000
00110
11001
00110
11001
00110
10001
01110
10001
01100
10011
01100
00011
11100
00011
11000
00110
11001
00110
10001
01110
10001
01100
00011
11100
00011
11000
00111
11000
00110
10001
01110
10001
01100
10011
01100
00011
11100
00011
11000
00111
11000
00111
11000
00110
11001
00110
11001
00110
11001
00110
11001
00110
11001
00111
11000
00111
11000
00111
11100
00011
11100
10011
01100
10011
01110
11001
00111
11000
00111
11100
10011
01110
11001
00111
11100
10011
01110
11001
00111
11100
10011
01111
11100
10011
01110
11001
10111
01110
11001
10111
01110
11101
10011
01111
11100
11011
00111
11110
11001
10111
01111
11100
11011
10111
01111
11110
11001
10111
01111
11110
11101
11011
10111
01111
11110
11101
11011
10111
01111
11111
11110
11101
11011
10111
11111
01111
11110
11111
11101
11011
11111
10111
11111
01111
11111
11110
11111
11101
11111
11111
11011
11111
11111
10111
11111
11111
01111
11111
11111
11110
11111
11111
11111
11111
11101
11101
11101
11111
11111
11111
11111
11111
11111
11111
11111
11011
11011
11011
11011
11011
11011
11011
11111
11111
11111
11111
11111
11111
11011
11011
11011
11011
11011
11011
11011
11011
11011
11011
11011
11011
11111
11111
11111
11111
11111
11111
11111
11111
11111
11111
11111
11111
11111
11111
10111
11111
11111
11111
11111
01111
11111
11111
11111
11111
11110
11111
11111
11101
11111
11111
11011
11111
11111
10111
11111
01111
11111
11110
11111
11101
11111
11011
10111
11111
01111
11111
11110
11101
11011
10111
11111
01111
11110
11101
11011
10111
01111
11110
11101
11011
10111
01111
11110
11101
11011
10111
01110
11101
11011
10111
01110
11101
11011
00111
11110
11001
10111
01110
11101
10011
01111
11100
11011
00111
11100
10011
01111
11100
10011
01110
11101
10011
01110
11001
00111
11100
10011
01110
11001
00111
11100
10011
01110
10001
01110
11001
00111
11100
00011
11100
10011
01100
10011
01110
10001
01110
10001
01110
11001
00110
11001
00110
11001
00110
11001
00110
10001
01110
10001
01110
10001
01100
10011
01100
10011
01100
00011
11100
00011
11000
00110
11001
00110
10001
01110
10001
01100
00011
11100
00011
11000
00111
11000
00110
10001
01110
10001
01100
00011
11100
00011
11000
00111
11000
00110
11001
00110
10001
01110
10001
01100
10011
01100
10011
01100
10011
01100
00011
11100
00011
11100
00011
11100
10011
01100
10011
01100
10011
01110
10001
01110
11001
00110
11001
00111
11100
00011
11100
10011
01110
11001
00111
11100
10011
01110
11001
00111
11100
10011
01110
11001
00111
11100
11011
00111
11100
10011
01111
11100
10011
01111
11100
11011
00111
11110
11001
10111
01110
11101
11011
00111
11110
11001
10111
01111
11110
11101
11011
00111
11110
11101
11011
10111
01111
11110
11101
11011
10111
11111
01111
11110
11101
11011
10111
11111
01111
11110
11111
11101
11011
11111
10111
11111
01111
11111
11110
11111
11101
11111
11111
11011
11111
10111
11111
11111
11111
01111
11111
11111
11110
11111
11111
11111
11111
11101
11111
11111
11111
11111
11111
11111
11011
11011
11011
11111
11111
11111
11111
11111
11111
11111
11111
11111
11111
11111
11111
11111
11111
11111
11111
11111
11111
11111
11111
11111
11111
11111
11111
11111
11111
11111
11111
11111
11111
11111
11111
10111
10111
10111
11111
11111
11111
11111
11111
11111
11111
11111
01111
11111
11111
11111
11111
11110
11111
11111
11101
11111
11111
11011
11111
11111
10111
11111
11111
01111
11110
11111
11111
11101
11011
11111
10111
11111
01111
11110
11111
11101
11011
11111
10111
01111
11110
11101
11011
10111
01111
11110
11101
11011
10111
01111
11110
11101
11011
10111
01111
11110
11001
10111
01111
11100
11011
10111
01110
11101
10011
01111
11100
11011
00111
11110
11001
00111
11110
11001
00111
11110
11001
00111
11100
10011
01111
11100
10011
01110
11001
00111
11100
10011
01110
11001
00110
11001
00111
11100
10011
01110
10001
01110
11001
00110
11001
00111
11000
00111
11100
00011
11100
00011
11100
00011
11100
00011
11100
00011
11100
00011
11100
00011
11000
00111
11000
00111
11000
00110
10001
01110
10001
01100
10011
01100
00011
11100
00011
11000
00110
11001
00110
10001
01110
10001
01100
00011
11100
00011
11000
00110
11001
00110
10001
01110
10001
01100
00011
11100
00011
11000
00111
11000
00110
11001
00110
11001
00110
10001
01110
10001
01110
10001
01110
10001
01110
10001
01110
10001
01110
11001
00110
11001
00110
11001
00111
11100
00011
11100
10011
01110
10001
01110
11001
00111
11100
10011
01110
11001
00111
11100
10011
01110
11001
00111
11100
11011
00111
11100
10011
01110
11101
10011
01110
11101
10011
01111
11100
11011
00111
11110
11001
10111
01111
